10000
5503
4587
-8519
-4321
2426
2515
-3681
7436
7687
8749
-7617
-1763
-7688
3703
-4300
7075
-5532
-3246
-2297
-4524
-7904
5690
-2310
-412
-4521
9246
-7026
-8183
9767
4732
8416
6075
9999
5907
-3847
-1225
-4107
2011
1674
4508
-5920
3789
-3387
6706
-8743
3192
995
-1264
-5130
-6821
3184
-1471
-9770
2221
2956
8392
-9779
1101
1363
3595
2138
-2252
5872
2644
7609
4796
-1658
-6695
4552
-7508
6026
3293
3334
-2985
-5974
4922
-1825
3454
-7159
156
-5583
7411
-7856
6175
-8421
-822
289
-8348
-6335
-6562
2049
-7725
6593
1409
-8099
-4239
-6936
6560
9005
-299
-2492
648
-2879
-9352
-4886
4751
9843
-4919
4757
7993
3545
-4040
-6017
1115
8480
1437
-3940
9659
-7213
-8338
7386
-2945
7559
-675
4994
-4710
-2308
-7272
7961
8656
5590
-708
-4890
-1656
-8555
5506
-1258
-3258
-4026
5766
-8269
7008
-699
-4790
3383
2963
-939
-2268
2745
739
-7681
9818
-9032
697
3823
-5609
5628
-8428
-4192
4630
-1949
-435
-2510
-3006
4412
-5980
5169
5485
6555
-2163
-3483
-4829
3389
-5716
5996
946
7392
-3251
5960
-6733
580
-9766
-2622
-1427
-1772
3714
-7702
5072
-819
-4397
4237
346
1861
-5402
-7711
7161
-9315
1657
4581
-1407
-7808
-9338
-7855
-9884
6996
-3700
-4080
-564
-2823
1224
7523
4143
3332
1807
330
1743
-2201
9881
-8164
-140
-3116
-2146
2
8130
5055
7983
8701
-5264
-6331
-3029
-1153
5599
-1600
5814
-8371
-3862
7223
808
-3218
-1503
5439
-9559
2026
8910
-6295
1031
-9284
2218
9687
6365
-3951
-8137
-4677
412
-5946
746
-4496
2810
-7009
1693
-9132
-1440
617
8426
7129
-2270
1165
-1751
-3051
-3838
-8549
4885
2324
-72
-5198
1100
8732
-2204
4935
-9960
7347
-539
4812
166
-691
-852
-2424
3642
-5540
-3698
-4258
845
3826
2839
9207
9010
-7903
5032
6882
6417
-5287
6645
6265
-5356
26
7960
-1509
-8462
4952
2936
-9493
-7407
-4285
2209
4583
-9030
-4181
2415
-1691
-2572
-3573
-7200
8762
-3814
-896
-8094
-3636
-8828
4723
-2496
3777
1047
-2573
-6371
-5908
-7892
5908
6496
3478
1593
-2134
7596
-5069
6632
4281
-686
5825
-2514
-9110
5169
5766
-5833
-8254
-2812
-9009
-1302
1683
6107
7771
-3891
5338
-8301
422
7647
-9811
5507
2423
6993
-2807
6123
4558
-4105
513
-622
-2704
8820
7752
6947
2110
5270
4290
-6058
-3084
8335
4548
9159
1847
4796
8645
-3833
-2633
-244
-5373
8623
-8785
723
-6722
7621
8281
803
9013
879
-8080
4190
7884
1903
-7675
488
2608
3916
-1352
-1602
-9618
1526
5058
-3947
1004
-9715
7072
3437
9301
6331
-924
903
7536
-731
8003
8819
1685
-970
4582
3973
8194
4469
3661
-4061
-1964
-9518
-4219
-5504
1610
708
6219
-8924
3813
2145
-8305
-4712
-3255
1133
-8592
-6560
-2928
47
-6229
-4136
-8708
-1039
1536
-9425
326
-2650
2230
431
4588
-8933
-3783
-1455
-283
-9336
7107
-9064
-5127
5073
8315
-2712
329
-2700
5129
-8939
-7333
2588
5111
-1629
594
5904
-5034
9588
105
-7026
3610
1869
893
6539
-8329
-5111
-2092
300
-2589
9166
9681
7988
8132
-8381
2511
-3319
7473
2191
2912
370
-9837
2939
7068
3692
3742
6261
-2393
8924
1424
-5798
6839
5110
-3249
4782
-3655
-3689
5892
-8288
6197
-4403
-1402
3909
-7119
-1351
-5289
-503
-5113
-7220
8263
7433
-6728
-8590
-1788
-8036
-5445
-5561
-1676
-9242
-4389
-7476
1960
7862
2942
3906
-5995
-8902
4344
8526
-8935
220
-1010
2564
-9287
6937
8520
-3333
-361
27
-9717
2526
-560
-9831
-8984
6336
9029
6795
-2752
7128
-2268
-5828
-4610
9486
-7482
-3938
2888
6179
-4495
683
-5569
9260
-9552
-6016
-4107
8954
-3792
3328
4620
4769
-7203
-8948
3650
-9676
45
-2098
2086
-2733
6707
-617
9896
6186
-7728
-527
-582
5280
3516
-1499
-41
-7403
-8934
9729
7645
-4532
3250
6701
-3944
-5702
6833
2198
-4032
-2719
-6789
-5399
8656
2976
5781
2487
258
-3802
-5337
7153
4262
6022
-5131
6293
-7699
-4606
1185
2089
2228
9021
951
-1436
9543
-3237
5137
-3051
-2309
3449
-7070
-7473
-3620
4783
5521
-9989
7702
9585
3673
4099
5838
2932
-829
5952
408
-1342
4162
-8227
3115
-142
-3281
-7189
3864
-78
4578
-4530
-7757
7187
-137
-2996
-1763
-5082
9591
8157
-4425
3415
311
-2279
7326
4226
-5312
-5649
-3845
-7272
-9217
-9580
-8098
-4775
9230
7310
-4251
3170
-1639
6209
4138
8010
-3463
9188
-6414
-3228
-1662
-6711
-1928
5763
-3225
6739
5952
-509
-2209
624
-199
2564
-4680
-2277
-9307
-3535
-2867
-6224
8007
2876
-7326
9665
-914
4114
1207
-5387
2597
-9132
-9835
-6337
5898
6879
5557
-7942
9188
9386
6836
-1644
602
-86
2369
1256
5206
-6326
3842
-2227
-4353
-285
2178
3649
-2744
-3469
1180
2959
-7794
7867
3272
-7260
2185
6267
6905
-1252
-9738
-7342
-4150
333
-8520
-3400
-124
-6849
-9056
-668
2830
3647
-1478
3129
-8965
-658
-6371
4211
-151
1816
-9640
2926
1035
9314
-1999
-3263
436
7834
3918
4139
9703
2610
-2292
-761
-6304
-1323
8508
8540
-5122
2526
-3104
3643
6880
2286
9933
4586
9938
-5955
-4086
-5899
6444
4367
-5804
-570
142
-8443
2258
-7961
3598
867
-3956
7124
-7840
3445
9249
-842
-578
3567
-9308
-5805
5871
-1643
9744
-3455
7965
-5412
-1456
943
851
-7828
4003
1960
6887
8773
-7353
-1273
-6152
-7577
6419
8013
-7959
4612
-2245
-6089
-3919
-4012
2113
682
-5722
1316
-6380
29
-6063
-2171
2196
4891
-7118
-3140
821
1418
-9592
6533
2510
-4377
9891
-6411
-7452
-1792
-3104
588
3526
5377
-18
-8304
-2146
-7539
-5035
6504
-3461
-253
4653
8420
5733
-8774
-9356
2164
4138
4898
9443
9406
-5179
-1133
9995
9814
-1886
1221
2262
-9926
-7783
-2561
3116
3963
1936
-2380
835
9705
5790
5558
-3729
7518
-8287
1880
-805
7465
6326
2691
4083
2582
-2153
5233
3262
7991
5046
2457
6705
-5966
-6064
1556
9148
9030
-6563
-9794
-9436
-817
9849
-8999
-5663
1068
1116
5374
-8858
5036
-9694
-4170
3619
9442
-8403
2481
3703
-3644
7858
-3252
-1612
7494
8777
1703
-7214
8385
-3645
-6538
-5404
3392
-875
4521
-6339
-4146
6099
5538
-4394
-625
-4235
7731
-5104
-4071
-2728
-1581
-7574
3720
-9371
4039
-8383
-7300
4049
-5309
3025
-2122
5415
-9788
3953
4001
1311
-3938
745
8045
-1408
-9220
5382
-5297
5124
5512
6046
-7644
3482
-7511
-6888
3533
5918
-633
7225
1694
-4394
-2532
4503
7650
-2978
7800
-7809
1959
-3232
-7925
-7855
5899
-4868
3104
1826
4669
3919
4567
2087
-9054
-8820
3994
-5698
-2692
3475
3064
741
-7299
-2877
9787
-7902
-3690
-537
993
-9587
4647
8373
4112
8359
6713
8903
3374
9851
5973
-8088
1714
-2083
-3008
-6828
269
242
2937
1239
-3823
-9033
-7084
-1929
5668
-8779
9589
-7427
-391
-3174
9055
-5930
1252
-8395
1162
552
-6472
-7972
7501
-3442
-1163
-4656
-8595
-5137
7199
-9135
2311
-2505
8330
-234
7468
-1489
6478
-2098
316
9118
-1600
-8915
-5117
5367
-893
-8971
-8094
-141
-9102
214
1714
2064
-9119
-8177
-8808
7892
-3466
-5510
9097
8095
-1824
-7261
5801
9219
-8848
6587
9616
-1287
5351
8649
-6497
-3055
-4703
4328
-6095
1489
-5446
8539
-7871
1100
2903
2344
-4295
-7262
-7896
-4208
5071
-8259
8354
-2213
-2214
-2218
10
1942
3675
4903
-2189
-9109
-8006
9667
-8299
-5226
-9108
9110
3644
-3694
9838
858
849
-469
-3989
6484
6523
5017
4514
-5002
-896
-1366
-5384
9393
-2602
-6503
-1080
6298
-579
9692
9985
9013
-2128
-3251
-9127
2073
6834
-7519
7546
5043
-8811
3813
-4477
-7585
-3915
-326
-4554
794
-9117
-5951
-2864
3084
-1181
6888
669
8754
6514
1209
5213
8111
-7107
-3845
-1789
-7433
7242
7764
6903
7759
-4388
7006
1272
6580
-115
-646
8926
550
-2204
1913
-9568
-6348
-852
-4473
-836
-8472
7593
-7098
8033
-8388
6345
-4120
3724
-1314
5401
9739
-3842
2764
9687
9804
-1904
2338
-5787
-6041
-8653
8917
4488
-9839
4473
-6034
2791
4787
8130
-1282
3733
-8710
-1988
1343
-5700
447
886
8941
7083
1333
-7517
-1176
7624
1210
-7327
-2765
-4723
3546
7766
9154
-3036
6217
-5559
5329
-2320
-4764
4411
-1799
-880
9986
-564
-9843
355
2
4438
4749
-4610
-8938
-4784
-8241
8521
-2740
917
821
1688
39
961
-5428
548
4404
1395
8972
-239
1972
5860
-4275
-7698
1000
-2033
-8091
4070
-3516
6083
-7718
7107
3780
605
5746
4354
-2450
-5597
-5584
-2022
7679
2449
9451
3997
-8988
3250
-383
2165
5382
-6235
6199
-8762
-6250
3912
3581
7780
-6803
8412
7741
4385
-3446
7844
-2424
-3440
-1951
6860
-107
9193
3221
-5570
198
5685
-5814
-7990
-2942
3057
-8454
-5517
5165
6462
7727
8913
-5141
8839
5393
2828
-6797
650
7845
-3435
-9163
839
2298
-7520
5184
-2987
1285
-1294
-9234
3973
-8164
4425
-9797
-121
1068
7170
555
-8671
-2907
9229
-8743
7146
4713
-6670
-7877
3078
176
2252
-7794
-561
-6439
-376
-9856
3339
-9576
-6892
6959
3918
-7026
-6716
-2859
-547
-4841
6346
42
5604
-6786
-6345
-5040
-6777
719
-1285
7574
8364
2701
6399
1917
-7352
-4524
143
4148
-8294
4075
-7613
-9712
-3138
9662
-9039
1854
-524
847
1064
4291
7989
8518
9346
1004
-8938
1945
-1252
3517
2037
476
8521
-1741
3554
-1245
2765
-7024
1454
-7845
7053
4842
4478
-6668
7793
8269
5708
891
-7947
-2232
-2306
5841
9738
5094
298
-6830
-9490
-7817
-5081
7119
8973
2798
6108
4527
-6520
-4138
-7950
-747
2715
3806
8270
3655
-4590
2534
-646
-5388
-1311
-1615
-2934
-5150
-4423
2199
-4972
7795
-4918
-5998
-7834
-788
9325
8539
1002
-2887
81
-4096
-663
3515
9069
8719
-6697
-5669
-5425
-3397
5792
-681
3685
3937
2934
-4508
39
-5587
8672
6378
4074
3323
1253
5290
-310
-8493
-9389
3944
7444
-9061
1808
-8359
-8371
-3991
8036
464
-7361
5189
7832
-3059
-9496
9411
7366
-9535
-8430
771
3013
-3367
2148
-7283
2447
4733
-6883
-3756
-8528
-7382
1905
1649
-2757
-9464
-7926
8769
7211
508
-7380
-7727
903
-5615
157
-9533
-1148
4210
2115
-364
-939
-8346
6782
2285
-459
-8878
3350
8472
-3426
7482
-4581
-4414
-9865
6357
-8885
4323
9595
-227
-1361
4575
2917
9115
-4032
-4351
-6540
-9355
-5244
2817
-8522
-8045
7082
3262
-4530
6531
-2285
7038
5
-9508
6654
592
2852
191
2011
-1376
-532
-9463
5004
9362
-3319
8537
-3668
-2730
-5384
-7066
-1191
-4889
5793
8450
9138
-2616
-559
2038
-3364
-6255
2242
-7089
-4979
3488
-483
-5370
6698
-4660
4738
-1074
4800
2624
5469
9714
5911
-8985
-9493
7415
-4663
-2379
4266
9348
-5233
3715
9323
1558
-2329
-9213
1582
-3341
-4716
426
2183
593
-6155
177
6972
-5114
-7054
9811
-676
-4397
859
2686
-9998
6307
-2876
-9700
8720
8579
2489
-9433
-1200
1076
9478
-2472
-2157
7740
7636
4973
5692
-391
-3498
5559
-9237
7899
5966
2735
5631
-7824
379
-6682
848
7785
-1977
8366
7572
-8035
1691
-630
4447
3226
-107
9430
5083
-4412
-6659
-9111
-9685
-8852
-9784
-8130
8690
6607
-4721
9315
5089
6517
6409
-3920
-4438
2145
-9962
-7116
-2243
-6795
322
9399
-5964
8296
3179
3452
4370
-4375
-8706
1641
7799
-6228
-2838
-4292
-8411
-251
-822
-3062
-1841
5175
4464
-2669
-930
-6573
4984
918
50
-4419
-9180
-5463
-6464
-8941
-9445
-6765
956
7687
-9954
-7464
2312
-538
-2535
-4785
-1011
6183
-1948
5096
6706
5827
-9570
-636
2368
-3059
-5051
6423
1567
6990
-7375
-1947
7952
7530
-8732
-4291
-5820
9811
-4326
-7194
4432
125
4885
-7704
9099
-8094
4323
1507
-5773
-1108
2802
6870
-6612
9592
9163
-5875
-3999
1207
-6624
-4294
-6081
421
3756
9667
7230
9666
7432
-4414
-4956
-1497
-5501
-2315
-8978
-5948
2929
-8827
8188
-6466
-670
7199
-8887
864
-5470
2849
-655
-8588
6599
1419
3343
-3877
-105
-2556
6567
8309
842
1168
-933
-9831
3435
929
2896
-5451
7140
-5407
8167
2859
8689
-9555
6401
-273
2879
-7979
-4294
4440
-8266
-4834
-7799
2046
8734
2838
-999
-6422
-8156
7454
4304
3532
-6233
7583
-1646
8253
5522
1604
4751
9573
4622
104
9480
6761
7635
-7702
4306
8016
-8095
-7095
-864
-3166
-3998
-3767
9964
-4637
-2947
-1238
81
9020
-3627
-4873
5324
5830
2033
9018
7904
-7372
2646
-2926
5297
3267
-5746
-3089
1319
73
1557
5610
9479
5961
4717
4595
483
9192
-2926
-5295
-5953
-2874
7894
-5092
-7909
6084
4392
-9888
4586
3726
-762
5721
9089
1730
-2863
-8173
-5150
-7158
-9214
8134
2070
-3561
-1722
-4847
-7903
3857
9467
-3041
287
-4964
-4960
7256
2490
-9738
1044
-7052
9108
-6031
-9858
2590
-8125
6710
-3365
6673
9775
6925
-6878
-927
-5975
-4387
6989
1512
-2706
-7176
4701
1698
-7497
3383
-2586
3428
1636
-3455
2197
6706
-8217
4763
5220
-5337
-7647
4257
3046
-4351
2134
-2847
9907
-6217
-6424
6799
-2687
4603
5139
-6953
1195
1579
-3198
9738
-6447
-8374
1590
-860
-7232
-9603
-5513
9205
-590
-7888
2505
-940
8668
957
-3983
-3623
3704
-5079
-7837
-1754
-1396
9568
-7924
-7138
7810
-3778
422
-7012
7478
9124
-9935
869
4472
-9734
4455
-2287
-4449
-1702
5147
-7026
-742
-4425
-7898
-5277
3152
1387
1026
-2776
4231
-9982
-3755
9294
-2044
-2574
-3535
6890
-7141
-1722
8848
5753
2113
-3665
-2810
7333
-1139
6237
-2854
-3809
-492
3925
-8301
256
2352
-5574
2625
8528
-8456
3789
-4777
7577
7428
-7484
5541
-2029
-4143
143
3317
9827
2895
-7982
5586
4207
-1285
8340
-3764
3830
8121
4971
-1079
7001
5770
2855
-360
-1736
6085
8774
5360
4681
-7107
8084
9433
-5608
-6524
8211
-1457
-7529
-9388
2690
6701
6996
-8120
-8647
8583
5178
-9845
-2153
7145
-6451
-3925
-907
-3939
2876
9142
1699
-557
-5712
2577
-5829
-1879
4472
8405
2941
2568
4213
632
8302
551
-3494
5313
-6090
3278
2837
-8919
-5388
1212
818
6291
7838
2830
-5581
2627
-2967
-3077
-9243
3615
-1863
8695
-2402
8644
2476
7384
-4411
4000
1740
-2701
-8720
673
-2619
5724
-7369
-1156
-1931
2565
-6800
-7292
-7045
3017
8753
-8403
-8223
8400
1043
5600
-728
9122
2373
-9720
-1604
185
-9652
5684
-2744
1799
9842
-7689
2040
-9145
-6162
-1888
-3065
-7726
-1480
-1492
5124
-9408
-8455
-9665
-231
-9962
5524
9029
-4552
-2521
-2809
1410
-4030
3621
-9035
-9312
-4676
-6476
8415
-4739
5842
-9978
8984
-9297
-8931
-8880
-5121
-628
-6766
4490
7150
-505
-4951
-6961
-3560
-5282
3666
7431
-5220
-9974
-9181
-5869
1450
4044
-505
9180
-4913
6733
-5338
2641
1404
-5107
-2768
-8855
-5918
1341
-7358
3252
-1720
-925
7973
-3828
-1712
-446
-1309
5436
1583
4743
1601
9049
-6255
1020
2851
6723
7867
-4334
-7527
6185
8839
9013
4339
-8048
4742
-5160
-4681
7055
2624
4289
-6644
8431
-1351
-9619
-8700
-9693
5163
-650
2845
4347
-9947
-2857
7679
-8226
-492
2710
-8847
7704
3546
-4553
4194
-8542
-6738
-8408
172
-4667
6625
8786
-3571
-7283
4673
4847
-943
925
-8953
-3918
-795
-4048
7431
8880
4582
-689
-9379
-5343
3337
-9452
-1666
-1087
1165
5790
-1332
-3085
9770
-4400
2853
-8542
-2254
6654
7669
-3650
-287
9889
9176
9878
-9128
6233
3032
3488
4456
2740
6632
-6365
2173
630
-4082
2046
-6420
7302
3248
6923
724
7291
8745
-2781
5526
-6547
2718
1158
6358
-6519
-319
3855
9404
6107
4118
3723
108
-8210
-4596
5641
4783
7256
2801
-4599
4775
-5039
-2844
-1093
6264
-9099
-6718
-6867
-3384
6440
1671
-9185
8680
9529
9313
9936
8839
-9739
8314
1671
2452
-6714
259
-5909
2669
-940
239
-7544
2985
-7749
-9996
37
-6869
-6060
672
-12
-9017
2137
-8365
-5919
-7135
-8528
-8832
-8053
-1701
-9472
-3472
4130
-9342
-3956
4335
-1801
-7675
657
-6030
-2914
-921
2451
1629
-7320
62
-7676
-9989
5969
7496
1311
-1175
-5796
631
8241
-7067
2311
-5853
-8409
-2753
-1208
4325
-4536
-1558
-5896
-2631
2196
3505
-6031
4475
3309
-6730
-4424
-6574
-1901
1766
9514
1482
-4207
8523
9108
2303
7419
2585
-778
-819
7864
-7361
9341
-7132
-2801
-9858
117
2184
-464
-8836
4617
-2048
5133
-3697
2718
7579
2317
3722
3646
1422
9767
-8088
-9675
-1138
-1869
8004
7407
88
7028
7923
-1562
6269
6337
6060
-1335
3198
247
2711
3185
1953
-8682
6518
2942
1462
-7064
5013
536
-7663
3026
891
5782
8020
-2946
-362
596
8639
1487
5136
3733
1645
5128
-4065
-272
-7223
3993
3793
8263
-6127
14
-4613
6378
9638
7510
9390
950
-3867
-9292
6326
5300
9602
-7834
3349
-2119
7764
-7795
-663
-5147
1651
-9710
6424
7139
-4835
2560
-2121
2586
-6763
-2049
6517
684
-9608
-4759
-6658
4943
-6526
2493
-9520
2561
2074
3209
-149
1693
-6874
13
8053
-1848
3497
-6033
-4359
-9648
7038
2771
-3537
5295
449
-3211
-8115
6032
-4831
2967
6875
-712
-4004
2112
8991
7047
4058
3129
-4228
-6637
-7498
-9037
616
-2127
280
6700
297
-8473
7439
6439
2629
7569
8141
-3564
8106
-8080
-5530
2046
8081
-780
7918
-5656
4205
-896
-8474
2223
3491
-8514
5029
8124
7028
-6801
9559
-3100
2077
6758
8854
3175
8650
-2948
-5969
-2614
-8179
2625
937
292
7227
1908
-1601
6733
-3587
-8176
1503
-6273
-5102
8234
-2649
7016
3457
-3813
-5299
600
9531
-7366
-2176
5580
-5625
-5660
8793
-8101
2876
-4192
-8463
2367
9972
2189
8065
-5676
-18
5520
-7049
-9425
4033
1926
-7833
9357
-9758
1424
-2701
-9089
-9878
-9540
8311
4059
-67
4365
-3664
-5193
8979
1216
-3386
-8042
-2824
8924
-3147
-983
688
5236
9206
-2375
-437
-1282
1337
415
7340
-8777
4296
9583
6074
6809
5413
9011
-5200
2275
8465
-9190
-1865
4789
4030
-4042
1092
-4122
9264
-2411
-5881
2706
4617
7301
1942
121
5870
3272
-4306
5513
-7247
-3679
4978
502
5810
-3688
1761
789
4827
4557
-8421
5628
2730
2930
4323
1126
6689
6262
8900
-4948
-2201
-9842
-2587
-1285
-1686
-4036
2687
-582
6224
3163
7646
4807
-3981
-8559
5160
1167
-4431
-1924
4551
7353
7984
-9468
-7989
1254
-3982
7412
-4732
5386
6317
-3140
-8978
-8986
7399
6931
-1385
456
-3716
-5351
-3994
-4206
9506
2478
-654
3337
9704
9918
-3940
-4119
1621
1169
-8582
1546
3971
1811
-6413
1209
8561
9159
2178
-5081
-9813
2056
-2202
8684
-8907
-4739
2253
2928
-7123
-3848
1435
-9082
4029
-9697
-1900
9651
-649
4930
-9634
3946
-2061
-5322
2973
-6624
-7089
3699
6048
-7055
306
754
4738
-2894
-8519
-303
1965
1312
-1640
3885
5661
5180
-5348
-8400
-6117
9011
7296
2739
-295
2918
-1927
-3523
8161
3178
6623
-3171
-3089
-9942
-6814
2791
3529
-9302
6136
3434
-4711
1191
7803
-8249
-2426
-161
9331
-7960
3186
-5701
9987
-5824
8040
6726
2633
-3936
1275
-8931
-2614
3506
-6630
-365
-7173
9882
-4713
1548
-7351
9631
-1946
-3802
1522
-9454
6531
8853
3829
-7958
5405
9055
7654
-5747
-244
-1770
9018
8055
-8138
9204
-4645
-5837
-8532
709
-5708
-2622
5142
-3908
4679
3123
9144
8024
-6235
8674
-2714
-7929
-8738
6521
-8064
-5375
6204
1461
-3469
7680
5669
9953
-6005
6363
216
4674
5200
8010
-4818
204
-8720
7217
7880
-9087
-4272
-8502
-1631
4189
9924
-6700
-6846
-5157
6920
4900
-2932
-4112
-8715
-3827
825
2508
297
-5068
-4025
-493
317
5469
6272
-4497
9895
7924
6927
9407
-5402
-8163
-3937
9451
-5171
-8296
-2990
6829
3800
-4485
8758
2075
-3848
6344
6126
-1594
-2609
3152
-1432
-2363
1641
7199
-2922
-1884
5860
-4388
-1291
-1038
6630
-4355
3208
5788
-5306
-9917
1284
4029
-1834
2476
-9240
-7637
-2346
-9815
-1971
9222
-3723
-1494
6172
-8955
3070
-3802
-703
8908
2366
4540
4676
3393
-1649
5782
153
6331
5549
29
5762
7630
6742
7261
-9194
-8789
-5033
6902
-8815
-7146
2543
-5217
-1504
-2944
2545
-4320
-1294
-817
1860
3562
4994
-1703
-2565
7686
-952
59
3893
8319
-4798
2503
8300
-9534
4519
3715
-2824
-3793
9006
-9381
-1199
-4986
-9910
-7052
-8231
-9145
-4760
1024
-3069
-5480
-2448
-3200
1180
1649
-1850
-226
-7555
-8442
-6595
3383
-9203
2754
3240
5896
-7
-9814
-5264
4791
2670
-4178
-725
-4641
-2015
-9769
7136
4689
7468
165
5561
-5969
6561
2665
-6512
-6196
-6640
9303
5527
-6719
-5590
-9503
-3849
-4776
6215
7168
-2494
-6325
-1810
8083
9193
-6496
-2515
2449
-4775
7795
3000
9331
1858
9494
-4209
-3068
-283
-3225
7543
-9818
8646
8114
8481
-2651
-3804
327
7742
-9639
1538
-9245
5781
7306
-4757
8695
2641
-75
797
-2532
3701
-2977
5430
7967
-5049
-693
2216
-7740
-381
-2930
-4706
154
-6831
8223
-7337
-3858
6662
-9480
9126
2526
2858
7829
-3543
-3249
-6052
923
8054
1818
1775
3915
-6447
-8226
7928
816
5106
-4172
-9179
-9083
-9822
-9983
3664
-5422
3929
-6529
-7768
6514
3442
-8952
3401
-8058
-915
-348
-1243
-1329
-1914
-2875
-7312
7784
550
-7533
-6523
-3523
8068
-6232
1719
-7430
6535
9229
7407
7780
5512
-1265
9066
6872
8905
-4984
4121
1131
101
-7886
-2593
-2654
-3488
-5043
-4511
-4708
1707
-8109
1997
-8299
-3569
3258
-8951
-7739
6870
612
-1976
-9238
-2447
5357
6934
-1599
1295
-3084
-1603
8912
4015
503
-7349
1571
7365
-1505
-5100
-5280
4113
-2319
1011
4205
5687
-3758
139
5537
2441
5841
-9840
-1062
-3903
-6588
-5208
8231
-6360
-9386
-2020
6721
-1770
275
-3931
1168
-7670
-4492
-9064
3394
3683
-2978
-6288
-8503
1458
8319
-9710
-2664
468
338
-6610
-8183
5118
-9024
-339
-8499
1271
-4366
-5870
-5722
-2293
2097
-5725
-9055
-8002
-2678
-1655
8712
428
4902
8213
2641
3376
-1926
9355
7364
-2899
2176
-6099
-5204
4593
-20
3157
507
4947
1714
-9959
7961
-2099
-7939
5714
9706
-8988
-3114
-9559
-8624
-7305
-1033
6582
-8915
-9574
2542
6617
1118
5836
-2800
838
-2005
1366
3703
-7313
7832
-3973
-7679
-1565
4885
-5171
-5386
-4779
-4484
9994
600
-7734
-1998
5392
3372
772
2401
-8854
3287
9146
-5521
5480
6725
2365
9120
5039
1994
-5517
-2863
9467
-8584
-5129
6465
3373
-1157
3066
4797
4522
6685
1586
-5529
998
8197
-4967
4775
2465
-1044
-4748
-7858
-7884
-7004
2385
-4845
-2237
-5623
-7504
-8805
-9534
-8705
-3422
-8671
9261
9927
3896
-6776
8222
-3649
-3835
9596
-1116
-2487
6577
-630
-3629
287
7706
-5749
-2274
1553
4076
-6541
-4099
6415
-6814
4641
-4479
9926
-8280
-1426
9154
7134
272
-5162
-6216
8839
-4350
9962
577
-8582
2278
-1090
2394
4766
-7960
-1924
5951
5504
-8630
-6058
2054
7610
6582
-7104
4296
-9196
-2437
-6741
6189
9042
-7692
-536
9943
-3030
-8575
7065
-6354
2014
2381
3045
9512
7601
-7251
681
-8385
639
-2063
1302
2104
-7381
-8833
-7559
-9024
-5928
2133
-5115
-5128
9756
9409
5667
-5156
7083
2909
1139
8826
7127
7486
-778
-8540
5087
-847
-7124
-1029
-3662
2470
4969
7282
-2268
9382
7086
-7348
4324
4628
-7807
-5374
478
3653
8719
7348
-9094
2079
4134
211
-6410
6593
-3847
-2459
-4630
-5684
-7270
4476
4991
-8927
2441
6265
-6466
-9348
5482
4746
-792
266
-6564
-1067
-6100
-3988
-7361
5255
6451
-6669
-8833
1167
2011
-8125
-9658
-62
-9851
9233
8579
3045
5719
-3198
6488
-1989
835
1973
7686
-2180
1285
-1972
-9132
9667
4999
-1184
-8393
4574
2377
-7419
3310
1842
8422
-3192
9910
7756
-6938
7835
7944
-6875
8258
9792
-447
9265
1801
5026
-2616
3259
-5701
3840
9226
454
6047
-7412
-2901
-6023
4378
5033
-2554
-6796
-8380
8918
-9421
-7255
8810
2965
-5169
1413
1013
-2976
-976
987
-714
-3148
-6365
9566
-6282
-7930
879
-6706
-3812
-1390
-6254
9703
1652
2252
1325
2826
-5363
3444
2451
-2733
1153
6806
3768
-5665
-6970
8799
-8324
7817
-869
-8219
7701
2920
-1963
-2958
6706
8280
6003
-9364
-1104
851
9774
-3519
-4895
-6888
4961
-9090
5811
227
2828
-7065
-2242
-6198
-422
7976
8622
8348
729
-6833
-5520
6582
-5324
-4648
-1132
-9139
-2277
2371
-4728
-2755
-3453
-9120
-1753
4803
1198
5018
-2838
8513
4223
2396
6800
4826
8847
-8206
-1462
2993
9531
4542
1582
-127
-8119
-2758
-6187
2322
9254
-8566
-6346
-4261
7068
6323
-131
-2294
4362
-3299
-1687
9375
9236
-3519
6984
-4302
-6150
5980
6527
6573
9429
4624
508
-8348
-77
-8456
4168
-3961
-4109
-1837
2232
-7722
-2123
8593
2985
-2783
-5309
4003
-407
-2982
8236
-4915
6160
3456
6550
-6941
6852
-8944
4623
-83
3499
-6730
-9475
-7427
-2580
900
3600
-6210
-4733
3458
-8440
-6764
-3152
9041
6544
-9212
-6627
-9841
3350
9651
-3579
-9911
6118
-8568
2751
7401
2269
-1622
-7678
7444
5025
886
-6950
8202
-4967
7197
620
3919
-4619
4476
-4329
9044
-6235
-2577
6575
-9031
-7810
-3498
-7253
-7876
-9699
2351
-5682
2308
-9331
-3889
8808
9485
4620
-886
3920
7567
5507
-7906
-3893
5339
1885
5552
8727
-6011
-2019
6848
-971
1140
8296
7223
-7176
-2834
-8055
-73
1532
-2955
1472
-827
2404
7445
-976
-7772
-8530
-7312
-775
-846
271
-1271
4848
-6226
830
6792
-18
1442
-3369
-3275
-3627
-7328
-7412
-7068
4453
1951
3127
4986
7994
-5425
-9587
-7355
9635
-6247
-6099
-2867
618
5512
4496
5751
4849
3538
-3709
-8976
-173
-1367
-3323
-6291
7646
-7424
979
-263
2524
-3180
1991
-3844
6471
326
8533
-6320
8350
-1012
9630
-7833
2124
1904
-2673
7822
437
-5986
-7405
-1913
-5297
-2727
5537
-7452
-6133
-7738
7352
3370
-6312
6480
3030
2610
-2905
7938
-1250
9735
8349
-4164
6655
-8155
-7170
-9158
1977
6268
-2473
-1427
3646
-7875
-5266
-6813
-6252
-4362
5588
-2704
-5275
8872
8187
-7464
-5464
5982
-8063
-7905
9841
5144
-8321
6961
3030
-9350
5467
7178
-3066
8075
-1484
7015
-7118
-4231
-8278
8157
7611
4905
-8140
9987
-9182
-1624
7664
3541
-333
-218
-210
3494
5534
7809
6303
-6655
1713
556
-3424
6352
9472
-7659
-9495
-209
-3385
-118
4705
-9993
1732
-7650
-480
-2050
-9619
-3169
6685
-3740
-7428
9996
-1434
-1097
-7361
6101
6594
-8611
9433
-4585
6782
521
6988
-8526
8754
7879
9435
5242
8755
-8935
1195
7704
-5602
4070
-587
-401
6088
-9128
4353
-8276
-3323
7131
9440
-3130
-920
-1013
-832
-4228
-6396
-9306
9709
4328
6114
-8338
663
705
-3801
-6040
471
-1707
-2135
3240
6664
-9606
-3486
5636
-1820
9201
-5798
-1283
-4099
-9187
-8001
3249
1804
6157
-8422
-5866
-370
-9630
-2713
-4121
434
4393
2270
1892
-2307
2811
-6878
-1778
-5061
-668
-9287
4729
-2723
-5484
850
-7547
6015
-6617
5651
-3251
3971
8432
6773
-1856
-8955
-6483
470
-4414
-8383
2900
316
3100
4738
-7878
-1892
-6465
-3155
-9698
8972
-1251
8518
-7360
1066
7528
-2505
5676
-5355
-6155
740
8305
-5918
-6529
8198
4390
-9234
-554
4053
9506
-8165
-101
3792
-518
9636
-8206
-4520
1560
-7331
-8986
-1121
6635
-8213
4407
6069
-2606
-1000
9165
-9832
-3566
-9441
190
-1188
-3502
-7945
-935
5335
2512
6811
-2373
-3813
-6119
-141
-6217
3799
-8632
-2230
-1584
881
-8778
4717
377
975
-7574
6479
120
-127
4421
2224
9397
961
3246
-2163
-9494
-6556
-6827
-6254
-1912
-7588
8081
-5528
3786
-1309
2541
-7700
-5458
-6001
-1300
9847
-3797
3925
-1963
-2452
-4580
7992
-479
-1429
-3908
-5619
-8972
4868
2966
-1517
-8065
-8893
9921
6601
-8186
5602
296
9140
-3110
-9503
4938
-8807
-4648
-8777
-7791
7554
9701
-870
-8112
1352
-2887
-2530
-8236
-9125
9117
-9027
9600
-5645
8252
-6331
9269
-723
-1990
-3500
-7929
640
-2155
-7234
5915
-7531
-2221
833
-8484
3257
-8081
-2419
3049
6269
9491
1178
9242
3346
8995
-669
4874
-7055
6532
9015
-4563
-3914
-813
5299
-2099
4667
8597
-5654
-3639
-5672
-5328
-8117
-5815
399
6650
4884
-6951
2608
9114
5777
-7139
8208
-915
-5819
9394
4701
7589
8395
1420
3891
7901
-2417
8901
4625
-4671
-2875
1456
-7315
-2823
6402
-5523
2366
-3591
5015
-3633
-2124
7779
5155
-6116
-9753
7144
8050
-4135
6581
369
-1381
-7787
-5834
7934
-3819
1771
-1615
-6737
-7122
-7590
7736
4449
463
-2188
5632
9772
-1295
-1545
9836
-8247
9977
8375
-1463
9135
1734
7008
-9707
2495
-8772
9990
3893
1673
-5497
-4973
-4746
3363
8604
7315
-9982
1347
-1379
8368
-4238
7000
9044
5495
5203
6673
3421
-224
6596
3218
-4273
6978
-5664
9636
-230
-2583
3126
8996
-8013
-295
-9071
-2631
840
-1555
-102
-2950
-5565
-6714
-4326
-9726
-5338
2596
678
-1475
-5918
9501
4810
-9400
6433
-6220
8601
8057
-2848
-5642
-4090
-2420
-3589
8024
-3777
-3177
-3635
5465
-8415
-3729
-1600
-4677
4172
2916
4111
-8561
-6361
-9456
-6006
7326
2375
7134
4591
5766
6178
9535
7831
-4230
-6974
-2928
5692
6221
-489
3590
-8249
-1210
-4912
-6310
-39
-6913
356
-4750
9231
-8881
-1010
1018
4656
-6198
-3442
-9082
7239
8859
-413
9962
4293
7607
7956
2013
9283
-690
-7825
-817
4495
8434
-4804
-4261
-4503
7625
9029
2739
-9195
6099
-2749
4954
-3756
7968
-6685
7781
-613
1549
-5837
-7987
-3796
2989
-4362
8646
5021
3374
-8392
-3832
-117
2827
3169
-9448
9678
8493
-2078
465
8043
-8391
9759
7801
6189
9068
-6957
-3601
-4924
-2764
4017
-8291
800
5221
-2792
1684
-7219
-1944
-9442
-1245
9512
7116
9194
-4304
-8287
3960
-6754
9888
-8480
1072
-655
-3913
-8554
4089
9393
-3310
-8557
-8337
-2797
5342
8192
3874
9228
-8877
3344
2933
-8718
-1773
-4604
-7907
6521
-9129
-9823
4581
-7526
6602
7489
-9904
-6978
1599
-490
9106
8667
-5817
3794
111
9597
154
-2573
2477
-6653
2034
-6971
-878
-5550
-7509
-8730
-9526
4440
-7901
3877
6726
-20
-900
-3488
-364
8140
-7715
2915
733
8344
3293
-3802
-2290
-5015
-5553
5090
-1551
-3888
-5655
919
-3460
4660
-5512
-8999
-5621
451
8835
-4769
8339
2476
5486
1826
-9281
-4247
6419
4725
-6831
-2175
-505
-7294
990
6280
4246
7969
9871
-5774
-7973
6223
9204
1485
5610
-553
1213
-1920
1284
-6330
4389
2594
-9974
5004
4377
-6512
-3244
4518
7364
-622
184
6959
6594
-3177
4644
-9857
-4604
-9766
5174
4301
-1813
4209
-7981
-7299
-6012
-4012
9389
8488
2127
-2156
8389
-7620
-6735
-2844
6241
1068
-2715
-5074
-9707
9061
7339
-8302
-2791
-8126
4237
-2073
9681
-6502
-8165
-3494
1046
-8221
2801
-8121
1032
8767
9365
2637
2231
3810
-5030
9322
-4635
-6562
-3904
-4220
-2623
-7473
-664
-2178
-8578
673
-3661
-9566
-6501
7254
9905
-3096
867
-1563
3570
2468
9970
8778
9960
-5665
-1329
-2326
-9591
-615
9334
2700
5890
-5449
5823
-3249
-3741
-3685
-1226
-1017
-7298
1872
-1458
1228
-5396
309
-9583
-3013
614
5819
-4709
-6870
-1932
6206
854
4762
1517
-7320
-6480
-4917
-5143
3129
1425
1702
5994
8309
-3156
3222
-1166
814
-3948
-1850
7112
-7008
-7289
8598
1564
-8709
-2156
8182
-679
3302
9936
5641
8675
6059
3779
6233
820
-3036
4559
-2993
2429
-6000
5137
1764
-1931
-2864
-1666
-9901
6010
-8969
-8877
3538
8910
-8297
-9042
5631
7936
-7035
-2989
7466
-9681
-2232
-6282
9152
2021
8622
-5134
2653
-7581
8969
-4747
5894
-8922
-5174
4865
-8551
339
-5544
4898
3435
545
-5610
-303
4592
639
5173
-6
514
4490
6629
5932
9278
1514
6109
1422
-6988
3858
5506
3658
6375
5916
4968
2373
-1492
6410
-271
-2076
-8223
3568
476
-2994
4839
2503
-10
3217
7897
5299
7243
-315
-9682
3583
-3906
-2453
-2777
8322
5247
6281
-6896
-915
-6363
-4959
9551
-4408
-3362
-5185
-9561
1934
7558
1748
-9138
8270
2806
973
-7621
-1734
4316
8729
-4419
-2076
-8625
6940
4960
7469
-2849
-1259
-9084
-9988
1643
2764
-7501
-7099
4164
-722
2623
-2344
-9403
-3007
-8878
-2993
-33
2909
4378
2737
-5401
-1953
1887
8195
2322
-2474
-9859
1785
-8040
3035
-4543
-9716
8844
-4982
4959
6914
-9189
-3560
-3198
2133
-1824
2420
9482
-4206
3706
-32
4421
-3680
-9238
-6822
5229
-6622
-1752
-1324
4704
-5012
4536
-2770
-7373
-7313
5804
8046
8084
3015
-5489
-3436
774
1367
-5084
1589
8315
235
-9812
-4503
-6860
-5361
-4353
5648
5113
-7572
-3725
-4742
-5183
-4669
-3056
-7093
2722
-2283
-2609
6722
3381
4507
-8733
8194
-4185
-7750
5522
2211
-3392
-7373
1247
-6466
4776
-2499
-85
2024
7749
-7385
4718
-1566
-687
-7124
-7559
5594
5037
8947
5382
-9364
-514
-8799
-1217
-3650
6972
-7058
-6207
1956
-9760
-2351
-6963
-5610
-8085
8198
-2748
-8451
613
1318
7810
3693
5050
7685
-4343
4654
4987
2430
4445
-3647
-5843
-5279
-1439
-1816
2395
-7447
-5282
2846
7508
-4021
-8469
5408
7232
-2996
-6837
-3031
5899
4984
6578
9226
7451
-2632
5488
7908
-6945
-8072
-1713
-3054
6461
4669
9101
-3750
1747
933
3110
9202
-4172
-3837
2212
6072
2763
-940
9993
5615
-9328
-4409
-7163
6324
-6467
-7171
-6419
-6170
-1011
-7556
7996
4716
-6420
-7651
1595
-226
-186
1028
3601
909
2864
-2032
-5871
7440
-7455
-5420
4911
-1346
-5819
-8678
8118
176
3357
-7824
5592
158
-830
-2775
161
1196
6653
6046
-7027
-1526
-9629
5538
4820
4055
-3881
411
-9800
968
8771
8370
5824
-4405
-4533
-1528
-8667
5801
-4477
9214
1716
-2105
-3417
-3169
4286
656
-9489
1915
1804
-8768
3530
-7726
-537
-4220
-2651
8064
8374
6527
9506
2374
4829
78
-8838
-4525
-9486
-581
-1090
8208
2956
-9659
-5605
-7934
6555
-9985
7679
-4932
-4040
-1677
5881
7084
3651
6198
7575
3831
2298
-2090
-1291
-9408
3016
-2674
-47
559
-4559
-4118
1224
-4878
976
-1179
-7025
-2070
287
8003
-9206
-6037
-65
-9878
-543
-3527
2363
2681
3674
2529
-248
7606
4497
-5051
-2173
8983
-124
3766
-1365
-2252
-4614
8683
-3443
9027
2505
8340
7925
-9034
-2709
-1988
9715
8140
-8098
-5613
-4243
9453
4914
-9046
3508
-9803
8792
-5171
-6152
8523
-4489
-2557
-387
8106
2718
-9551
-7672
-5057
4856
9154
-3152
-6237
-8800
-2485
-1903
7485
-1265
2174
-8559
-6284
7082
-6044
634
3032
-7226
-8838
4791
6079
-9303
9168
1616
-5891
-9125
2800
-135
5511
5432
609
-3243
-2459
6213
-9223
-8765
8527
-9678
3466
-337
-7301
-1671
-4262
6034
5840
-7293
149
8278
-2992
-7931
4930
-4595
-6040
-5552
-2117
1758
-5843
-737
2719
-297
-6484
6281
1782
-6535
1494
9918
-8271
4878
-4300
-3782
-7631
-6276
4912
5384
2549
-3197
-1751
6723
2151
-1673
2210
4883
4010
7226
3724
8860
-6779
-578
2358
4367
-1136
-1823
8788
-8801
-2513
-4984
4586
-1288
-450
8980
1547
-2165
-7128
6402
-2919
2322
-1924
-2763
4861
2542
4617
9550
7120
2430
3170
8566
-131
-5410
4009
-2831
6917
2590
-3643
-5667
-2115
8201
2581
-8390
8965
8015
-8176
2506
5966
-3222
-4964
-7994
6233
-7856
5627
-6879
-3995
6873
8314
-9083
3656
5188
-8759
-723
6409
9953
-6561
4064
6928
-9146
8794
-7105
4272
-2113
5357
-7881
9859
1226
7009
6853
7308
6450
-3432
9870
-1102
-3119
-9895
2376
-7038
414
-8440
5602
-6814
-3448
2077
4229
3027
-9108
-7598
150
7480
5523
4297
-6713
424
7853
-3223
-6351
9751
1839
4985
-4820
4214
-2879
-1929
-2767
5622
2712
-2439
-9352
-522
809
2545
-5187
-8139
7005
1754
2916
-8633
-6374
3438
-101
705
1105
1854
-2475
-6697
9355
-3914
-2371
5699
5475
-8204
-5463
5623
4709
-953
-5316
-676
-1508
7556
-635
-9755
-7622
1065
3187
4669
8581
1047
4015
5943
-6292
-2847
2556
-4868
4153
4242
1719
9842
9696
9767
-778
-7358
6179
2761
1016
-2141
2370
9847
3181
6303
-9955
-9950
-6599
3723
-8341
9512
-5816
-3717
-2312
-7937
-5251
-9856
3768
4873
-2021
9530
-8646
-6203
6882
-8722
-33
-1251
461
-1157
-2411
4445
-548
-7675
-6781
164
9830
8238
6309
7796
-5124
-3915
-2595
-3252
7948
1421
4226
5674
1152
4900
-7186
-2986
-6730
-359
-7916
-1094
-9829
-3352
9383
-4522
7272
-6996
4926
-9557
-4850
-6027
-5157
7558
-3346
-9148
-7679
3806
8205
-4117
-2467
-9730
-1280
-4921
-8938
7808
6955
312
2864
6709
-4207
1721
4264
-7491
3379
-1994
13
-7309
1627
9328
-9183
-1425
-7425
-9937
8629
-704
-546
4266
-1800
-5227
-3647
2683
-4492
-5471
6719
5108
-4105
-2303
-5613
4462
-6644
1578
6829
2603
-2280
3876
7004
3656
2935
5688
-8473
-4600
-6143
-7993
-1445
-1273
-1392
4669
-123
-1209
4477
-6835
9867
-6830
4654
-8126
-1326
-75
-3138
-511
-7790
-2214
-2733
-3932
-4687
-6543
6613
-9886
-674
-8829
1542
7972
2894
-7686
-8644
-8101
-4352
-7632
-2099
3407
4602
-7036
-1818
3404
-9803
8532
-6516
-1340
-3747
6970
9754
-7045
2753
8915
6814
2311
7281
-202
4729
-7639
-1916
-461
6682
-4320
-4995
-1874
-4372
1108
-7222
-3831
443
4147
-6553
-9745
7076
6646
7817
-6677
-1935
5785
-7082
-940
4265
-9210
-8364
2525
1779
6745
-7457
7286
9509
-8842
779
7423
2378
3409
-6563
7276
-4307
-3580
-5583
4363
-6550
4224
1814
-2096
6948
1538
9363
8064
-5577
-9432
3079
-8638
-8068
1780
2592
-4131
4103
9060
6957
4966
-6864
88
7085
-6784
-4803
5020
8416
-3259
-5923
-8846
-2925
-2421
2238
7040
7398
7783
3335
-9592
5206
-4997
-9197
-5268
-9536
-1515
-661
-5150
-1374
-1453
-7659
-422
-3245
6500
2496
5694
5262
8602
-9336
-585
-9247
-921
-1454
7621
5630
-6452
1111
3227
-4807
-4624
6810
-6262
-8426
-7548
-137
8298
3460
3702
7536
-3020
-131
-3928
-5499
1745
-2678
-3559
7246
5756
-7616
-3507
2330
-7579
-6825
-2965
-7387
5289
929
-8128
3172
-7206
-6229
-8972
4154
-3764
80
-5735
-7538
739
-3791
3356
-2724
-234
-1347
-9602
-844
-8869
8554
8553
9939
-5504
-3626
7851
5720
-931
-9900
-4054
2857
-379
5183
7398
-5308
9785
-4778
1589
-3373
-9883
-3430
2651
-8380
-2646
-381
7153
-2245
4506
9145
-2004
-4237
9968
188
6246
-212
-9459
1071
9940
-9821
-408
6777
-2610
-7392
-5279
1518
5289
-5588
-4524
-5124
-5693
-3066
-7785
9975
-5293
8581
384
-114
-6778
-8041
4233
6307
6912
9045
9949
4035
-73
7679
-5041
4168
4347
1005
-6509
-3212
-8447
-666
4284
1894
-6914
-3534
-488
1897
-3351
9529
-1877
-7588
-9782
5437
2464
5399
6820
-8904
7865
5273
-5465
-2540
-7330
-6411
-8643
9609
8061
1622
-8879
-4743
-7270
6766
-1165
1653
5258
-567
-1301
-7453
-2421
3312
-2069
-2293
5529
6077
-7472
-3313
-5803
6839
-5282
-3195
-6297
-8854
-7180
400
7176
-5399
4165
196
-2528
-189
1672
-5863
-8924
2062
660
-1805
7731
6205
-7693
5733
-9744
7542
-1236
8378
-6781
-6961
2882
2344
1342
-6864
9308
-8631
-3960
-1712
14
8814
-6065
-2861
-9901
-5471
-6635
-5399
777
-101
-6880
1936
-2702
9610
-3132
-347
588
2495
7617
-5831
4586
-4073
-1149
-819
-5182
7796
9901
6538
-2006
-33
-2695
4376
-5026
2049
-3643
-7024
1606
-4100
61
-2490
-9694
-6089
4244
-4214
-9668
9733
1743
-7303
-4729
5622
8626
-214
-9958
8489
348
9387
7584
-4849
-3371
-8202
-6212
2041
6217
8304
8392
1564
-5665
3137
-3755
2172
-3140
-4228
9154
5508
-8001
4378
8463
8166
2171
7049
-8182
8367
-2600
4718
8578
8571
6622
-7076
-60
2235
4557
-1387
-1203
2491
-1527
-6689
1055
-3233
-9877
-8098
5945
8627
142
5424
-4699
-8183
3392
-3178
-9769
-4457
-5363
5830
-5495
-823
-8159
-1863
-9826
-9113
4747
-8462
-7292
-1520
-956
-8866
-9143
4624
3245
-6628
-9057
1804
-3764
9588
-3782
-1061
6617
3735
-6527
-5737
-2980
1475
9372
4832
-3227
-1169
-8337
9025
8217
331
-6790
-4326
-7890
5659
6202
608
-3242
7305
-9135
3291
5569
-2940
7037
-9368
-4871
-7570
-9092
-3084
-1658
-1602
6818
-2095
-5593
-9028
-6885
7643
2306
5421
6695
8709
-7289
4343
5055
447
7318
-1808
4058
-4703
-9760
-8367
-7843
-3245
-5112
-719
-9289
-88
8129
-9426
-6994
7200
1499
-3307
3526
1725
-1821
3269
-2307
2993
-2300
-5306
-2600
-6204
-2976
2259
-2464
959
-8519
259
-616
-503
-3118
9333
3956
417
3068
3792
-6243
1267
8569
-1304
-8305
2008
-9100
5096
-2129
-8795
-2269
4625
8336
4452
-3789
8870
-4200
7881
3576
6852
9084
-9404
6939
-3588
1915
7127
-7071
3124
-813
6563
9058
2292
5593
5568
-6623
4203
-8606
3132
9134
4691
-5161
-2774
4916
6154
1134
-3357
-2398
7623
5953
-4103
-2718
-6379
-8673
-5077
-4771
-1273
9197
-7804
-217
-6853
501
-2426
6200
-3788
1902
-8509
2184
3279
-9926
6808
9836
-1196
4654
1066
-4255
1595
5514
5773
-9156
-2485
-2851
860
6061
-8150
3275
-6605
-4054
-4519
-3642
-6032
-491
-9497
7186
-2999
4583
4818
-4690
-6610
-8289
-7222
-8929
-4768
-9556
5922
-6168
1631
3354
-5463
8866
9875
-9864
-8521
5825
7499
-1045
-8073
-839
-638
-8074
-5686
-5334
-7099
4298
-7242
-1543
-5060
9025
86
-5542
6123
3547
-2386
-4876
11
-8635
-8865
5684
6461
8170
430
-7549
7640
-8331
-7150
-7802
-4822
6710
4866
124
6196
-4101
7510
-4312
-7124
-5050
-1628
-5676
4364
3721
5679
-4863
-2561
-1054
7813
7818
-2884
-8997
-732
1367
-8108
-4938
4099
-5350
4280
706
3318
8103
-4540
177
2616
4404
9425
2947
5992
7113
-4056
3475
-9528
-3489
1595
9774
4119
-2268
-7396
-6808
6911
-8513
-1605
1744
-7643
9491
-5971
8587
4502
-896
4845
-4748
-5757
-6677
-4634
-2511
5982
-244
-8743
5084
-5114
7701
-7004
-2618
2324
5994
-3131
8864
-9472
-3229
-5419
-9049
1146
5138
678
-410
-2993
8182
-3063
-6974
6844
-811
4251
-754
-907
2270
-1359
928
-4731
5613
4654
-6277
7337
2291
8650
-4932
-8194
-4296
5381
-9797
-3517
-6834
3348
10000
-7101
3433
8751
9414
4151
2107
-6544
4870
-6331
5805
-2303
127
2096
8810
3517
2761
-450
8569
6380
-1110
4214
-3854
7693
4794
476
8253
-7286
-1631
2233
-7333
-2735
-5972
-3216
-3954
-3444
-8084
4657
-9254
-8176
-7632
9426
7995
1226
-771
-4013
9919
6334
6749
-3574
-6992
1714
-4899
-4413
-4909
-546
4498
-6753
-9110
-7909
-3694
2257
6768
-2532
765
-4361
-10000
-6977
2142
-4590
-1877
-5821
2063
4271
-4466
8918
-2982
-8474
3371
-5973
9966
3913
4304
-4019
5891
7165
-6136
8443
1019
-5115
1459
-3209
8452
6252
7101
-2955
-7795
9632
-7691
-3934
4227
-3099
559
-2593
7354
4941
-2327
5339
-8661
7448
-6465
-7576
4213
-7972
-91
-7619
-4411
7939
-7622
9719
8392
-4776
-5569
860
6085
-8296
-8558
164
-9463
-2596
-1484
-1549
1332
-8978
1329
-30
1098
-8089
-1953
-6052
5490
5193
-9906
4909
-7885
-8867
8037
-9545
-5858
3783
4704
-5915
-248
5234
-1787
9890
5952
7279
21
3169
-4687
3040
-2090
2247
-233
3758
-1953
8937
9543
890
-4833
-6137
-165
-8596
-3126
-2318
3946
3981
-9631
6605
9073
-7643
-4842
4064
-543
-9234
7901
-3193
-8167
-9890
-8162
740
8371
4368
-2449
-1245
7389
-2357
6318
9014
5739
5464
-6805
-1118
4628
-6789
-5402
-5945
6879
-6494
-8630
-5989
6258
4213
7488
5494
-7756
-4649
-2043
-9168
7554
9808
-9479
-3114
-3543
3454
-322
8081
-6390
2538
-6312
6532
-4062
-1835
2215
251
-980
7596
1382
-9488
-2846
-7085
-7530
-4562
-1632
1955
-5975
-2783
7349
-8741
3092
1183
3666
-3379
7875
6183
7813
6921
-1913
-9070
2546
5415
4758
6312
1781
556
-4125
7653
-6397
-733
4260
1932
-9116
5580
-779
3199
-289
1738
-2549
-7554
-6120
2472
3170
6989
-3816
3489
-343
-8859
6056
-1773
-1229
-1987
-4965
2098
44
-3530
-7222
7250
-6294
686
-6623
-5420
1497
-3681
-541
8529
3535
-7873
-9224
6786
9228
3251
-7479
2343
4297
-5155
-9963
-3671
7287
-9155
8540
-224
3686
-7028
1321
6546
-7901
-9868
865
-6043
9550
-4844
46
-5890
3355
8685
-7786
792
2395
-4980
5080
-1542
2157
1433
-6489
-7463
-4821
8242
393
2458
7313
-5435
-6887
2862
-6591
9842
4395
-492
-6730
5806
-4868
-2042
7225
21
9419
475
6079
-7871
9890
-5205
7552
-3199
6879
-385
5991
319
2260
-3507
6147
-1674
-2339
1964
-9256
-5130
8646
2319
-9516
-3051
-6272
-1597
-339
-2875
3453
-3868
-3049
-7442
8325
4869
-4399
538
-4423
8321
-5653
9365
4665
2078
-3278
8001
-3064
8801
6763
-1780
-6742
-6013
-2157
2269
-5320
3447
-4728
-6925
6709
-6714
-3233
2387
-5631
-9923
-2175
2359
1414
-4719
9515
9615
6948
7457
4124
-6840
-5538
9205
-9374
-939
-20
-2901
-4624
7166
-5177
6224
-8226
5536
-466
5902
2000
-8200
5305
5107
-1766
-6509
-9225
-2245
-7557
-2460
-4550
-2912
4618
-5191
9527
9870
6004
6733
-3900
523
6055
-1402
2549
-6756
9872
-6467
1153
8322
7491
-1361
-9480
2452
2418
7636
8529
-737
1923
8729
5399
-2794
-2007
7209
-930
-9663
-4669
871
-3154
1349
-7489
-6958
8249
-3150
-6857
8652
6578
-5286
7857
-2992
-9717
-6052
-5020
-6225
9242
-5701
9331
7665
2581
-8193
-3397
3200
3614
5022
-481
-4248
-4906
4085
-2780
-3341
-2127
-9108
-3268
-4624
-502
2400
-4911
7007
8133
6612
-6834
-403
-7327
3602
-9874
8086
-8745
-1113
8634
-7331
-4079
9214
-8503
2898
-3613
554
8238
-6007
-6232
-7578
527
2312
-971
7430
-4183
-945
7810
-1576
-7831
-1708
2177
1114
-8781
1031
-2236
900
2087
-8775
7420
-7394
7626
-5133
-4127
452
-1773
-1608
-3946
-4241
8861
-6360
-6414
5219
-5961
6598
-8236
3080
526
2685
-3343
8779
8513
209
2941
-2127
-2961
-7217
9951
7792
-8218
-8872
-5626
5145
2241
-488
4670
5018
-6954
-4841
7016
3628
-3599
7788
5394
-9878
5736
-366
2414
-2136
8037
-5686
-7459
5149
7195
-2383
-5369
-5838
9373
8743
4688
1094
-7577
1926
8449
-8165
-2043
510
-3451
4653
-1711
-653
-5134
-6447
-4318
6134
1638
-6027
3029
244
8604
-9327
-6149
-1174
-2867
-9329
-3277
-7408
-9321
9627
2507
-4187
-3038
-2036
-14
5874
-6295
275
-1880
-4322
-8177
-5237
-2655
2517
4557
-8896
-8442
6376
9844
-2948
2550
4658
6448
8134
9164
-8107
-5070
7063
6775
9832
8134
3334
1489
-3032
-9536
3382
-3333
9664
-8377
-4831
-9801
-4871
-174
2053
8081
-1038
-4753
-6239
-5492
8387
-3699
-2424
9884
-8972
-6093
3675
3205
9485
-6544
-4892
4131
-3662
-2966
-8579
6470
-5358
209
-2873
-4784
3178
1401
174
7685
7041
5342
7915
4463
2043
616
-5347
-5917
5794
-2748
-9980
-5815
6075
3210
4851
-3988
1209
-6724
817
2585
-9155
-9460
-1936
853
-4694
-5453
-291
4081
3342
-4094
8917
-2537
5847
114
7264
-145
4588
4936
-7250
5777
-8328
-4995
2354
8492
9738
7784
7747
1342
264
-8208
3421
-113
366
3604
-3520
-8910
6060
6164
-5401
-8599
-4971
6850
7619
-1280
1260
-6627
7525
4527
5944
522
9420
8085
2708
-6129
-5559
885
-1330
3419
6478
-711
-8188
3712
-9739
6015
-9131
9217
-6757
-3595
-4267
6306
882
8615
-650
4194
7259
478
4551
-5924
-2317
-9499
-6877
-9380
2107
5512
9657
-1759
-6846
-2912
8737
5975
-7552
-5727
355
-1768
-1614
-3675
-1320
-6257
3495
-7604
8378
-3913
-5312
5544
-8289
-770
-1289
-6878
-1703
-6433
-7542
-2785
-2966
-900
8126
8988
-6574
771
-2537
7074
6750
-7568
-814
-6211
-9987
-9455
-7848
8076
-9257
-7875
5748
-8306
-1154
-8885
-2982
4835
-1416
-3709
3838
6395
-9193
-9618
-8576
9799
906
4113
-6419
-1833
7651
-7972
1829
9827
-5935
3957
-2859
-7034
-1535
2391
8287
8398
-1376
-1255
-5915
8386
-4009
6751
-8764
2845
5866
-8987
-8908
2088
-3717
-1817
8663
-6403
6939
-4730
-2665
-7089
9074
2000
2167
3069
8411
8969
-8960
9979
8987
-3674
6935
5049
-142
-9904
-6907
9568
9660
-7359
-3528
4550
7881
6006
9357
-8883
7184
-660
-1086
5296
600
9437
-8878
-3821
8140
6475
-9008
8976
-9523
-5910
-6044
5196
-5328
-1649
-1852
4518
2318
-6452
-26
2080
-5448
-7881
-2396
-9961
9630
6856
3630
1540
9260
-1707
7473
8399
-1705
-2796
6045
7462
3242
-4952
-4803
3081
-2206
-7120
4655
175
515
7782
9885
4705
-7804
-676
-6167
-9631
1637
7627
5548
-6343
-3206
4952
2759
6458
-6257
-2696
5079
-3180
-832
-9029
1380
6795
9819
6935
5757
8415
-4952
5843
-3842
3766
9893
4573
-1789
-5184
-4
2081
-1443
9719
6335
4371
-137
3929
1423
-3838
-8484
-8667
765
-1416
9387
5577
4456
8559
-1596
-474
-5237
9025
-9102
-4675
-5387
-6893
4391
-33
8099
-9462
-2390
-8165
1297
57
291
3808
-9081
9298
3850
6794
689
-3948
-2296
2903
-5268
-2851
8586
9372
2835
8769
-5204
-2137
-1548
-9647
-6479
-7129
5063
-3115
5602
-3742
4190
-3721
-3532
575
3272
1028
-8444
-2997
-9827
2999
-573
8972
8469
188
9384
3550
4974
-1967
9873
-6405
-915
4834
4368
-1840
3629
-7231
-8183
8186
-4994
-8684
-6989
7900
-3857
-7926
9465
-4992
439
7951
-3913
-4148
-9751
6174
8613
-8866
3044
-5846
6858
5973
9373
5337
9775
8762
-7043
8894
740
1000
3599
8718
2422
221
2021
-8647
-153
1001
3454
4322
-5324
1113
-6813
-6787
-1139
2753
3888
-3418
-6219
9156
8575
-3264
4587
-4387
1696
-1955
8607
-7102
9823
-1163
-6714
101
6419
7447
-6753
1002
3046
9825
-2909
9870
685
-3241
1717
-7048
-3283
-4053
-2684
-4615
1034
-7189
-9333
5942
9313
708
-4852
934
7245
-7683
-255
1371
-5693
-5914
-8397
9852
-1986
-5453
485
-5247
8357
-9122
-3412
5397
2079
2273
-9968
-3054
5873
-2982
-2195
2393
1836
-960
5679
-7960
9870
-9218
1219
5634
-1475
59
-6313
7274
-861
-795
-2318
2030
-7537
-7769
8438
-2452
9569
4794
-9556
4525
8394
2586
264
4996
-1992
5233
-5468
-2321
-8112
-1122
4096
64
-1299
-2262
-1136
137
-4885
-3678
-8991
8661
8931
-1417
1192
242
19
445
7515
9422
9728
895
5487
-5048
-6041
-6345
8107
210
-5685
-6040
-1277
-5912
6070
3353
9200
-905
2470
-3596
-9889
8427
-3194
6027
-2398
-4365
9479
5229
-5497
8110
-2566
1170
-1131
-9841
-1555
-5050
6396
5616
-4450
7260
5608
-9014
-9950
-9982
-7991
9432
-1066
-900
2294
2022
-3104
-7449
-3365
-1199
1954
-5531
740
6375
6705
5091
-7026
-5989
7183
-7360
8119
2929
6996
-3669
-42
9591
-2081
6833
4570
5377
-4284
8707
-7010
-8404
1800
-1085
-3603
7483
-7430
7062
-4943
-1382
4838
-7236
6774
-5458
5266
-4513
2969
-4915
2842
-4905
7775
6491
-7981
-5485
7310
-7439
920
-3402
6050
1385
-4046
6376
-407
-16
-9333
8619
-8747
5753
4223
-279
7792
-765
-3866
614
-6251
4709
-9008
7977
-7298
-7719
1215
8429
-297
-6370
-8543
-1699
-9555
7508
-3267
-5620
7958
-7435
-2980
-2923
-8204
1340
-9648
-2582
1044
674
2872
-5537
-6248
5094
4197
855
-9743
-5732
-653
-3965
4430
4351
4301
9057
-1963
-6694
7210
-9186
-9745
6572
8253
-1894
-6175
8517
8980
-8911
-2034
-5180
9643
4926
825
-3801
-8953
3497
796
1440
3466
5676
9320
2367
-8490
2808
-8871
-1271
-4395
3822
670
1572
4495
8629
1446
-1697
6154
-8667
5162
9147
-267
-8527
4326
4877
-9148
-4207
-963
-8306
237
-3294
-9490
-8475
-6031
-6985
7529
-5648
-9667
9109
-662
-6695
-7331
-7675
3484
-9832
-3867
-5717
2400
-6203
-531
6441
9289
-5642
1181
281
-1351
-6109
741
-124
4093
-6243
-8267
-5965
7055
-5066
9091
-1454
583
-4036
-8640
-2908
-6517
-6693
722
8255
3393
1727
-1467
-5345
-4664
4085
-2945
9694
2721
2582
5263
-7168
2667
7920
-8656
-5304
-3085
-9579
-3110
-8453
-1790
-6585
354
-1246
9841
-1271
2107
4121
-5600
-1894
8616
-1784
3579
-4010
5955
-4923
1895
6637
-707
2722
-9098
1143
-9626
-5856
-5309
-2383
-7420
1418
5069
9328
-9471
-8993
2900
-3770
-9902
-5731
6142
6016
-3877
-148
6009
-1134
2675
6646
7319
1764
-655
9245
-562
7386
225
4809
2978
5619
-5270
-2742
5094
3450
-8589
4737
-1238
-9451
8186
-6747
2054
-9279
1939
6547
-672
-1204
-1387
6255
-9815
-7314
7940
-2298
4119
9883
3629
-2918
4122
8046
-9398
-4098
9464
1968
-2775
1967
4111
-2577
-3327
2494
7870
3009
3369
-8496
-9330
-8510
3908
4139
63
9608
6694
-3633
-4484
2778
-206
-234
6611
-3720
-1043
-6324
-255
505
2370
-9264
-2809
-6468
-3575
354
3281
-5795
-6068
5535
3764
305
-1041
-1672
1314
3199
2305
-693
3869
5177
-3557
6140
2047
-1814
-1798
2693
-5965
4731
-2611
5648
-5474
876
-1200
4217
-5956
-3318
4491
8840
9093
-4380
-9228
-7237
-610
-3815
-6509
-8144
-9534
203
-5626
9694
7057
-7685
6877
6017
-5791
-1547
-2272
6114
7513
-7626
-4574
-9945
4522
-8108
-659
-436
-6201
-4497
8485
-8082
-987
4342
769
-9096
5221
7322
3283
3442
-9795
8842
-2915
-661
-6493
-5488
2017
-7123
1479
7678
-7316
-4603
7167
-6279
-8870
-1708
3177
-2955
-7511
-6337
-7673
-4717
-9003
-7083
238
375
688
5147
8587
234
-7823
-8687
-5719
9581
-5774
368
7730
-6504
-8095
1876
-9808
8696
-8391
-4516
-328
-5681
605
-7424
76
-1341
1349
-4076
-1014
-5577
-4318
-2686
486
3763
-7459
-4842
5757
7422
2219
-3030
3450
-946
-5753
-3724
9282
-6254
1790
3170
9366
2247
-3266
-2517
-5321
-2649
-2783
-4254
-8391
-5240
1087
-6240
8974
4361
-7670
4888
1203
5190
-7788
4285
-2921
-8268
-9826
8908
-9850
1443
3459
765
8316
2021
-2980
4554
6375
5227
9200
9937
-1981
-4444
262
-5782
1327
-2055
7772
1529
6569
-2826
8782
9025
-301
-2000
2763
7028
-3897
-9963
-6162
9344
-1728
8342
-6826
-5540
-8571
-6355
-8605
1474
-7536
-3107
7650
2511
5559
9621
1208
-5791
-179
558
-5911
-6110
7168
5593
2285
698
8179
8725
-7826
1094
-470
-8280
6259
3144
9670
-5814
4964
4086
-3541
-7080
9186
-6823
-6197
349
-9408
-1066
3327
-6693
-8264
6120
-7245
9889
4109
-396
1939
-9495
-8795
-6608
-9533
-1110
-4606
8158
-1008
2667
-8654
9143
3734
4477
2903
8735
-1175
8103
296
-9804
7590
-39
-5550
-9563
-5236
8812
5963
4369
-3260
9111
-7466
-4769
-4210
4501
7918
8675
-8131
2885
-7542
2127
336
7903
6280
3831
-5717
9222
4502
-9661
-3947
7215
-6834
-5051
1404
3613
1030
7049
6537
3505
-2725
6284
7720
7939
-8511
-1587
1360
5923
1153
6894
-1952
8011
-5622
7906
-6821
359
970
4415
8603
-4462
8871
-7621
-1676
-6308
1845
-6746
-5703
-2337
-8134
8400
-1143
6121
-9171
-5965
-871
-5244
-1831
-1857
-4059
-1704
-428
-163
-1693
886
8167
9549
8169
-810
6215
-8700
8290
-5638
-7210
-4511
-467
2436
-1887
-90
5827
3098
2806
6768
9525
8080
4121
7450
-6478
905
4216
8854
-4048
8811
-7038
-9272
-7500
-6354
8985
7825
5127
-1604
-9239
3719
-5040
-9329
-7329
-8816
-3377
1167
-1027
1278
-293
2566
558
7436
-8434
-2758
7207
1770
4992
-4242
8744
3200
6126
-4079
-4969
-4021
1285
4869
7594
-7995
-1251
-6312
-6383
-672
7981
4785
-4835
7994
-3446
-2080
-1821
-9915
8494
5952
-815
9018
-8406
5060
2823
99
2309
3055
-1754
2435
8634
-8896
-2110
-1424
-1226
-2606
1279
8970
3608
8927
4191
6064
4992
-7400
9646
-150
-5385
9789
-2661
9691
7181
9466
-905
-6274
-4329
-8519
6672
6839
4681
-5538
-2091
7392
4135
95
-6856
9526
-7972
426
-9194
-3753
-2717
8157
-6170
-9964
4325
5998
-1813
-6320
4696
-9784
9512
-6352
-720
5394
-5516
7115
1999
3522
6324
2549
8245
3179
1677
624
-983
-6231
6586
2336
4875
-2815
4645
-5262
3416
93
-2332
1439
4259
3926
-2840
-2268
-3821
6444
1429
-8092
1366
8763
7980
-145
6324
-8463
2745
-1116
-8404
-6928
-5136
538
-94
-6912
-3939
1023
6117
-5460
-3482
-8248
7244
-3540
9361
-7437
-2994
6225
-9339
-6757
-8424
2627
-1731
-648
606
-9524
-8680
5773
6695
4808
-1576
6620
8612
432
-1555
-138
4507
7041
5277
6493
-9079
-3911
-8946
1047
26
199
296
-7943
-6647
-2633
1702
-3874
892
9994
-4997
3485
5734
-8734
-6411
-7377
-932
1214
-4244
-1018
-5588
4061
-2179
7922
-2782
-6011
-6305
-759
-2803
6375
9003
-1321
-8082
-4810
5428
532
-8375
9828
-5984
-7011
1452
9408
-4926
9303
3963
-3889
-2822
2206
-1821
9886
-1660
-1849
2858
560
-2585
8194
2461
-6393
-2236
1269
1893
2151
3737
7470
-5737
-4136
9786
8894
-6555
-3030
9524
8333
8533
8613
-2098
6523
1209
1960
-4243
7055
5028
8521
9288
-5848
-2340
1716
-2831
2702
7958
7405
3165
-6821
6518
-7027
523
1519
9111
-9295
1491
-2559
-2030
-3490
2722
8169
9577
5068
-9844
56
-808
-4423
9356
-5872
647
-5057
-9565
-5894
-7099
-7380
6177
268
-5962
-6297
-5805
-2514
-6226
-5190
6226
217
-2128
-2332
6232
8838
-2683
-963
-1456
-998
-8283
-3675
4455
-248
3891
-121
-5521
6177
-9860
9120
9763
-1549
-4631
5680
3876
-9696
311
5445
8604
8288
9904
2431
-6985
720
-7916
7754
8161
3000
-1285
5454
101
6235
4931
1223
-5145
7145
3496
-5902
-2646
1097
4987
-2400
6540
-8071
-156
-1066
3266
1326
3620
7026
-2753
6227
9716
3551
-6851
4183
-3782
-5014
-7765
9114
5862
-1359
4262
9241
-5353
-5199
3803
-7784
2092
-4043
3512
-1801
3072
-1063
-1505
250
9157
-1639
-3518
9286
2921
-5414
-7160
8542
4074
4117
8463
-6170
9977
-7768
-4192
4741
-8607
-3004
6911
9457
-989
-4650
3550
9036
3670
8064
7441
-8410
-2936
5037
-5421
-5147
9126
-616
3791
-8310
2571
-2464
9998
-1640
6029
6839
-3383
9663
2764
-9805
-8460
4241
8430
5421
1631
-5219
-8741
5177
5246
-1005
8152
9653
1904
3062
9853
-1907
1124
-7872
-8526
5146
-3284
-2159
-2298
-5996
-4265
3618
9286
-156
-984
-8654
-6613
-9977
-69
6615
-7618
6401
-8503
-2011
4403
-5649
1171
2339
5931
-1891
789
-5468
-9944
-4734
3810
5474
2927
-2319
-8255
-3711
6398
9555
-7681
6476
-661
3080
3583
-5705
1794
9944
-4932
3302
-3407
-7631
-1622
-8781
-2166
-7381
-5902
-9251
8161
1033
7617
2637
408
8331
-943
3869
-7912
-9104
7027
-7515
2921
111
2721
9565
-8251
-5456
-5366
363
-1279
-8085
1622
-8064
6107
-4362
-4463
3625
-4419
-2611
4117
3496
-7768
-5375
2887
-5891
-6791
4219
2244
-5537
-8906
-7074
5398
229
696
-1007
-3045
-9424
-8958
299
6725
9901
-2156
6327
1056
-1240
8556
3063
-5736
7337
-7635
-2848
4338
-5416
487
-8939
9236
929
-9863
-8530
9333
3606
-7064
1885
7706
8861
3184
-6729
5109
-8213
-4461
-3691
3222
6067
2741
8057
4328
-882
6991
3127
-6212
2867
-8335
-8273
549
8795
-4436
5036
-386
-1366
-8482
-9521
4593
6847
-1122
-5058
584
-7101
7211
3144
2110
7549
-3342
6376
4751
664
9425
-7534
-689
-9600
2363
-3422
9840
1276
-8075
-2398
8767
7170
-9190
1317
5109
-4257
-631
3526
2709
-7972
5560
383
8449
1808
-1947
-7567
5461
-786
-5361
-9049
2135
5754
3269
-6644
-9473
5836
1742
5112
-1352
-6370
2999
5218
-4032
-3648
-5353
-7312
8104
5831
-3426
-8356
-4578
-3112
1040
-606
7694
-4000
6361
-9642
3368
7959
9119
-4656
1893
-5668
-4115
9786
-7604
3391
6335
3804
-3731
-4217
2361
-6784
5625
-7530
-1591
-7343
6428
3285
-1976
-3617
-9759
-9782
3792
4992
7286
9635
-4407
4073
-3998
9868
-7453
-2271
7554
-8908
2493
-800
305
-7775
-895
-5742
-7316
-9787
-7802
1781
-6555
-555
-7439
9261
4585
5087
9532
4958
4958
8840
-5644
-8613
9564
9318
973
9330
5371
8161
6863
3701
102
-7206
2358
2153
-4594
7809
3171
-7345
6256
-2194
-3889
-6439
-6305
674
-5313
4670
1448
579
-1664
-9951
-5189
6555
-7107
2070
1312
-8546
-42
1819
7557
-8383
2305
-6007
-4144
3387
9300
-6401
-8936
-3784
9226
2469
-8235
7748
9927
-5086
-5113
5398
2463
-7029
6559
427
-9872
2613
-8225
-6367
75
3215
-7200
-1353
164
-7206
8724
-4042
6979
-5625
-3926
-3692
-3012
-1969
7912
-2294
-8947
-5714
6587
-2632
3433
2305
-3484
2192
4090
-9179
1663
-9672
-5036
3883
-704
4292
-2848
9705
-2452
5461
8288
9787
619
3376
9881
-9314
-7808
1970
8444
-1965
-5952
679
2468
1099
-5847
-3760
8630
-4196
4826
-7529
-5924
4459
-4011
978
8645
4641
-3200
9514
2004
2043
1813
-386
-7750
4291
-8250
-6117
-2101
6692
-7897
-7162
-6149
-7529
4548
-7475
-9744
-3715
7946
-9790
9735
9516
3431
-5549
5371
-1481
-538
-4942
-7941
8462
-2615
-5962
-5577
261
-2343
-7880
-580
901
-6373
592
494
-5622
5619
3882
1057
8476
-111
-8646
6192
1136
2084
-907
-296
2183
5243
6452
983
2192
-2294
8996
9994
-3771
5752
-5939
91
2469
-7171
4540
1977
-2852
-7647
5683
-6367
-3733
7094
5535
863
-7328
9149
1504
1575
-4614
2972
-121
-8804
-1972
-3130
-5702
3869
8983
-5507
1261
-1426
9540
-8291
-8548
542
3404
-14
3315
9450
-8590
1556
-133
9971
-7420
-3511
9898
-6571
-7480
-5249
-4751
-3503
-9629
4963
-8645
-1490
-8063
-9057
-9236
-911
1821
-3005
-6318
2154
-8042
-3556
-1340
-5553
-3924
7810
3034
1598
5204
-1550
-5713
1720
-3764
-1494
-4918
-6636
8321
-8996
8970
-7517
-8250
4280
6685
-8439
-7749
3664
-9976
-7943
3959
-1645
-7136
-5720
-7801
-2206
982
-784
-1308
5528
-9224
9788
-5898
9143
9469
5133
9454
2635
-3783
8008
-1741
3029
-8798
1186
-1908
4318
2672
5062
-1143
7578
-6291
372
-8262
-2875
-5848
-6744
3860
-4152
6505
3914
9778
6932
-9314
-4017
-8776
-105
-9708
-2106
5528
-1531
9506
2442
-656
89
-2234
-4689
4522
1204
-292
-7240
432
7594
5871
150
-9328
-5772
-6795
-5548
6120
-3944
-8933
4777
-3008
-7570
-7865
-6950
-1405
-1243
5971
-8963
6210
-8697
-7574
-7610
198
312
1927
9518
-6178
9563
-9015
-7686
8605
-9693
-8136
-3040
-4482
-1288
-3113
8821
3002
1101
4470
4378
5730
872
-5076
9908
697
824
-4602
-5931
4142
-4558
-6494
-9113
-2576
-7457
-3234
480
5620
-9973
3589
-5723
-236
-9150
-4318
886
3975
7053
4682
8114
6781
-7813
6236
6564
2531
4347
3610
-5109
-6407
5891
-8304
-124
-1188
7743
4182
3564
-4700
-195
2230
-4971
-6523
-6618
-148
3572
